8.000000000000000000e+02
8.387139283021869005e+02
4.937394265178421620e+02
5.964322789061338881e+02
1.863444653153054844e+02
1.027401585747906029e+04
2.066579158832013945e+03
8.132169626668152205e+02
5.714839178559011543e+02
4.637611902978126182e+02
5.116549744855551012e+02
1.699219947925752422e+03
7.735586809775788879e+02
-2.613155526423105925e+02
5.212287307795687639e+02
2.217068193631669999e+02
6.382911883615885245e+02
6.454625408451664725e+01
1.705366103230593637e+02
-8.751326588051877309e+01
5.345473733761219393e+01
2.371539845016473578e+02
9.930324944613421678e+01
2.638054353437725013e+02
-1.248913450830888678e+03
1.828614486461516208e+03
-4.321595993538588118e+03
-4.407167910248572298e+03
9.413280365874555855e+01
-1.970991437665005108e+01
3.105888471199158971e+02
1.308507108392271050e+02
-6.970575908598257229e+02
4.642382783808093905e+02
1.433634606481746687e+03
3.000000000000000000e+01
